    0.00 
    0.00 
   -0.00 
    0.00 
   -0.00 
   -0.00 
    0.00 
   -0.00 
    0.00 
    0.00 
   -0.00 
    0.00 
   -0.00 
   -0.00 
    0.00 
   -0.00 
   -0.00 
    0.00 
   -0.00 
   -0.00 
    0.00 
   -0.00 
    0.00 
    0.00 
   -0.00 
    0.00 
   -0.00 
   -0.00 
    0.00 
   -0.00 
   -0.00 
    0.00 
   -0.00 
   -0.00 
    0.00 
   -0.00 
   -0.00 
    0.00 
   -0.00 
    0.00 
    0.00 
    0.00 
    0.00 
    0.00 
    0.00 
    0.00 
    0.00 
    0.01 
    0.01 
    0.02 
    0.03 
    0.04 
    0.05 
    0.08 
    0.11 
    0.14 
    0.19 
    0.25 
    0.32 
    0.39 
    0.48 
    0.57 
    0.66 
    0.76 
    0.84 
    0.91 
    0.96 
    0.99 
    0.99 
    0.97 
    0.92 
    0.85 
    0.75 
    0.65 
    0.54 
    0.44 
    0.34 
    0.26 
    0.18 
    0.13 
    0.08 
    0.05 
    0.03 
    0.02 
    0.01 
    0.00 
    0.00 
    0.00 
    0.00 
   -0.00 
   -0.00 
    0.00 
    0.00 
   -0.00 
   -0.00 
    0.00 
    0.00 
   -0.00 
   -0.00 
    0.00 
    0.00 
    0.00 
   -0.00 
   -0.00 
    0.00 
    0.00 
   -0.00 
   -0.00 
   -0.00 
   -0.00 
   -0.00 
   -0.01 
   -0.02 
   -0.03 
   -0.05 
   -0.08 
   -0.13 
   -0.18 
   -0.26 
   -0.34 
   -0.44 
   -0.54 
   -0.65 
   -0.75 
   -0.85 
   -0.92 
   -0.97 
   -0.99 
   -0.99 
   -0.96 
   -0.91 
   -0.84 
   -0.76 
   -0.66 
   -0.57 
   -0.48 
   -0.39 
   -0.32 
   -0.25 
   -0.19 
   -0.14 
   -0.11 
   -0.08 
   -0.05 
   -0.04 
   -0.03 
   -0.02 
   -0.01 
   -0.01 
   -0.00 
   -0.00 
   -0.00 
   -0.00 
   -0.00 
   -0.00 
   -0.00 
    0.00 
    0.00 
   -0.00 
    0.00 
    0.00 
   -0.00 
   -0.00 
    0.00 
   -0.00 
    0.00 
    0.00 
   -0.00 
    0.00 
    0.00 
   -0.00 
    0.00 
    0.00 
   -0.00 
    0.00 
    0.00 
   -0.00 
    0.00 
   -0.00 
   -0.00 
    0.00 
   -0.00 
    0.00 
    0.00 
   -0.00 
    0.00 
   -0.00 
   -0.00 
    0.00 
   -0.00 
    0.00 
    0.00 
   -0.00 
    0.00 
   -0.00 
   -0.00 
    0.00 
   -0.00 
    0.00 
   -0.00 
