   -0.00 
    0.00 
   -0.00 
    0.00 
    0.00 
   -0.00 
    0.00 
   -0.00 
    0.00 
    0.00 
   -0.00 
    0.00 
   -0.00 
   -0.00 
    0.00 
   -0.00 
    0.00 
    0.00 
   -0.00 
    0.00 
   -0.00 
   -0.00 
    0.00 
    0.00 
   -0.00 
    0.00 
   -0.00 
   -0.00 
    0.00 
   -0.00 
    0.00 
    0.00 
   -0.00 
    0.00 
    0.00 
   -0.00 
    0.00 
    0.00 
   -0.00 
   -0.00 
   -0.00 
   -0.00 
   -0.00 
   -0.00 
   -0.00 
   -0.00 
   -0.01 
   -0.01 
   -0.01 
   -0.02 
   -0.03 
   -0.05 
   -0.07 
   -0.10 
   -0.13 
   -0.18 
   -0.23 
   -0.30 
   -0.37 
   -0.46 
   -0.55 
   -0.64 
   -0.73 
   -0.82 
   -0.90 
   -0.95 
   -0.99 
   -1.00 
   -0.98 
   -0.93 
   -0.87 
   -0.78 
   -0.68 
   -0.57 
   -0.46 
   -0.36 
   -0.28 
   -0.20 
   -0.14 
   -0.09 
   -0.06 
   -0.04 
   -0.02 
   -0.01 
   -0.01 
   -0.00 
   -0.00 
   -0.00 
   -0.00 
    0.00 
    0.00 
   -0.00 
   -0.00 
    0.00 
    0.00 
    0.00 
   -0.00 
   -0.00 
    0.00 
   -0.00 
    0.00 
    0.00 
   -0.00 
   -0.00 
   -0.00 
    0.00 
    0.00 
   -0.00 
   -0.00 
   -0.00 
   -0.00 
   -0.01 
   -0.02 
   -0.04 
   -0.06 
   -0.09 
   -0.14 
   -0.20 
   -0.28 
   -0.36 
   -0.46 
   -0.57 
   -0.68 
   -0.78 
   -0.87 
   -0.93 
   -0.98 
   -1.00 
   -0.99 
   -0.95 
   -0.90 
   -0.82 
   -0.73 
   -0.64 
   -0.55 
   -0.46 
   -0.37 
   -0.30 
   -0.23 
   -0.18 
   -0.13 
   -0.10 
   -0.07 
   -0.05 
   -0.03 
   -0.02 
   -0.01 
   -0.01 
   -0.01 
   -0.00 
   -0.00 
   -0.00 
   -0.00 
   -0.00 
   -0.00 
   -0.00 
   -0.00 
    0.00 
    0.00 
   -0.00 
    0.00 
    0.00 
   -0.00 
    0.00 
   -0.00 
   -0.00 
    0.00 
    0.00 
   -0.00 
    0.00 
    0.00 
   -0.00 
    0.00 
   -0.00 
   -0.00 
    0.00 
   -0.00 
    0.00 
    0.00 
   -0.00 
    0.00 
    0.00 
   -0.00 
    0.00 
    0.00 
   -0.00 
    0.00 
    0.00 
   -0.00 
    0.00 
   -0.00 
   -0.00 
    0.00 
   -0.00 
    0.00 
    0.00 
   -0.00 
    0.00 
   -0.00 
    0.00 
